0 0.014453 0.224306 0.024219 0.445833
0 0.039844 0.224306 0.029687 0.445833
0 0.068359 0.224306 0.022656 0.445833
0 0.094922 0.222917 0.024219 0.443056
0 0.121875 0.224306 0.025000 0.445833
0 0.148828 0.222917 0.022656 0.443056
0 0.174609 0.224306 0.024219 0.445833
0 0.203906 0.225694 0.020313 0.448611
0 0.228906 0.225694 0.023438 0.448611
0 0.257812 0.225694 0.021875 0.448611
0 0.283984 0.225694 0.019531 0.448611
0 0.329297 0.224306 0.019531 0.445833
0 0.358203 0.222917 0.016406 0.443056
0 0.389062 0.129861 0.015625 0.256944
0 0.417187 0.129861 0.012500 0.256944
0 0.446094 0.207639 0.017188 0.412500
0 0.474219 0.217361 0.026562 0.431944
0 0.501172 0.224306 0.021094 0.445833
0 0.528516 0.225694 0.022656 0.448611
0 0.555078 0.225694 0.019531 0.448611
0 0.582031 0.227083 0.017188 0.451389
0 0.611328 0.225694 0.022656 0.448611
0 0.636328 0.228472 0.019531 0.454167
0 0.662500 0.167361 0.018750 0.331944
0 0.744141 0.331250 0.127344 0.193056
0 0.804688 0.290278 0.115625 0.208333
0 0.859375 0.189583 0.110937 0.154167
0 0.961719 0.183333 0.076563 0.133333
0 0.934375 0.326389 0.131250 0.136111
0 0.022266 0.734722 0.016406 0.163889
0 0.050000 0.738889 0.015625 0.166667
0 0.075781 0.688889 0.007812 0.072222
0 0.114062 0.630556 0.009375 0.177778
0 0.130469 0.637500 0.010937 0.163889
0 0.146094 0.638889 0.010937 0.166667
0 0.161719 0.638889 0.010937 0.166667
0 0.176563 0.637500 0.012500 0.163889
0 0.191016 0.632639 0.011719 0.173611
0 0.205469 0.636111 0.007812 0.166667
0 0.219531 0.694444 0.007812 0.277778
0 0.260156 0.761111 0.014063 0.194444
0 0.288281 0.756944 0.014063 0.202778
0 0.406250 0.908333 0.096875 0.038889
0 0.589063 0.895833 0.134375 0.208333
0 0.699219 0.894444 0.154688 0.211111
0 0.806250 0.900000 0.209375 0.200000
0 0.814844 0.811111 0.129688 0.083333
0 0.934375 0.818056 0.131250 0.086111
0 0.938281 0.701389 0.123438 0.141667
0 0.549219 0.734722 0.014063 0.236111
0 0.576562 0.726389 0.018750 0.213889
0 0.600781 0.765278 0.014063 0.147222
0 0.536719 0.611806 0.501563 0.329167
0 0.685937 0.009722 0.034375 0.016667
