0 0.021875 0.181250 0.040625 0.359722
0 0.067578 0.181250 0.035156 0.359722
0 0.111328 0.181250 0.032031 0.359722
0 0.158984 0.181250 0.033594 0.359722
0 0.205078 0.181250 0.028906 0.359722
0 0.255859 0.182639 0.039844 0.362500
0 0.295703 0.182639 0.022656 0.362500
0 0.344531 0.185417 0.026562 0.368056
0 0.391016 0.185417 0.025781 0.368056
0 0.437500 0.071528 0.025000 0.140278
0 0.585156 0.180556 0.210938 0.338889
0 0.688672 0.142361 0.192969 0.281944
0 0.900000 0.170833 0.200000 0.227778
0 0.036719 0.818056 0.035937 0.363889
0 0.082812 0.823611 0.028125 0.352778
0 0.125781 0.772222 0.014063 0.122222
0 0.163281 0.858333 0.023438 0.283333
0 0.698438 0.947222 0.215625 0.105556
0 0.253125 0.905556 0.018750 0.188889
0 0.337500 0.913889 0.018750 0.172222
0 0.903125 0.950000 0.193750 0.100000
0 0.902344 0.783333 0.195312 0.238889
0 0.445312 0.586111 0.768750 0.827778
0 0.293750 0.971528 0.025000 0.056944
