0 0.027344 0.210417 0.042188 0.418056
0 0.067578 0.210417 0.039844 0.418056
0 0.108984 0.211806 0.039844 0.420833
0 0.151562 0.211806 0.031250 0.420833
0 0.192969 0.213194 0.032813 0.423611
0 0.234375 0.215972 0.031250 0.429167
0 0.274219 0.214583 0.032813 0.426389
0 0.315625 0.213194 0.031250 0.423611
0 0.358594 0.215972 0.032813 0.429167
0 0.398438 0.217361 0.031250 0.431944
0 0.442969 0.115972 0.023438 0.229167
0 0.576562 0.265278 0.190625 0.302778
0 0.668750 0.200000 0.175000 0.322222
0 0.751563 0.085417 0.168750 0.168056
0 0.922656 0.072222 0.145313 0.138889
0 0.874219 0.258333 0.220312 0.200000
0 0.008594 0.865278 0.014063 0.269444
0 0.032031 0.868056 0.032813 0.263889
0 0.077344 0.834722 0.029687 0.330556
0 0.120313 0.840278 0.021875 0.319444
0 0.157031 0.787500 0.010937 0.097222
0 0.190625 0.872222 0.021875 0.255556
0 0.676562 0.952778 0.193750 0.094444
0 0.864844 0.956944 0.176563 0.086111
0 0.880078 0.803472 0.216406 0.226389
0 0.476562 0.718056 0.725000 0.563889
0 0.272656 0.837500 0.017188 0.325000
0 0.309375 0.974306 0.021875 0.051389
0 0.350781 0.912500 0.020313 0.175000
