0 0.013672 0.224306 0.025781 0.445833
0 0.039453 0.224306 0.030469 0.445833
0 0.067578 0.224306 0.028906 0.445833
0 0.094922 0.222917 0.024219 0.443056
0 0.121094 0.224306 0.023438 0.445833
0 0.148828 0.222917 0.022656 0.443056
0 0.174609 0.224306 0.024219 0.445833
0 0.203516 0.225694 0.021094 0.448611
0 0.230469 0.225694 0.020313 0.448611
0 0.258594 0.225694 0.020313 0.448611
0 0.284375 0.225694 0.018750 0.448611
0 0.329297 0.224306 0.021094 0.445833
0 0.360547 0.222917 0.021094 0.443056
0 0.389453 0.129861 0.016406 0.256944
0 0.416797 0.129861 0.011719 0.256944
0 0.446094 0.207639 0.017188 0.412500
0 0.474609 0.217361 0.024219 0.431944
0 0.501172 0.224306 0.021094 0.445833
0 0.528516 0.225694 0.022656 0.448611
0 0.553906 0.225694 0.023438 0.448611
0 0.582422 0.227083 0.017969 0.451389
0 0.611719 0.225694 0.023438 0.448611
0 0.636328 0.228472 0.019531 0.454167
0 0.662891 0.227083 0.019531 0.451389
0 0.745313 0.331944 0.125000 0.191667
0 0.804688 0.290278 0.115625 0.208333
0 0.860156 0.191667 0.107813 0.150000
0 0.961719 0.183333 0.076563 0.133333
0 0.934375 0.327083 0.131250 0.137500
0 0.022656 0.736111 0.017188 0.161111
0 0.050000 0.738889 0.015625 0.166667
0 0.075781 0.688889 0.007812 0.072222
0 0.114062 0.630556 0.009375 0.177778
0 0.130469 0.637500 0.010937 0.163889
0 0.146094 0.638889 0.010937 0.166667
0 0.161719 0.638889 0.010937 0.166667
0 0.176563 0.637500 0.012500 0.163889
0 0.191406 0.631944 0.010937 0.175000
0 0.205469 0.636111 0.007812 0.166667
0 0.219141 0.694444 0.011719 0.277778
0 0.260156 0.761111 0.014063 0.194444
0 0.288281 0.756944 0.014063 0.202778
0 0.403906 0.910417 0.104688 0.043056
0 0.591406 0.895833 0.143750 0.208333
0 0.701562 0.895139 0.157812 0.209722
0 0.806250 0.900000 0.209375 0.200000
0 0.814844 0.811111 0.129688 0.083333
0 0.934375 0.818056 0.131250 0.086111
0 0.937891 0.700694 0.124219 0.143056
0 0.549219 0.734722 0.014063 0.236111
0 0.576562 0.726389 0.018750 0.213889
0 0.600781 0.765278 0.014063 0.147222
0 0.372266 0.463889 0.361719 0.666667
0 0.826953 0.804861 0.049219 0.062500
0 0.686328 0.009722 0.033594 0.016667
