0 0.514062 0.419444 0.103125 0.144444
0 0.546875 0.893056 0.096875 0.058333
0 0.794531 0.197917 0.192188 0.234722
0 0.014063 0.188889 0.025000 0.027778
0 0.016406 0.215278 0.029687 0.025000
0 0.014063 0.240278 0.025000 0.030556
0 0.014844 0.265278 0.026562 0.025000
0 0.015625 0.288889 0.028125 0.022222
0 0.016406 0.312500 0.029687 0.025000
0 0.016406 0.336111 0.029687 0.022222
0 0.014844 0.362500 0.026562 0.030556
0 0.060156 0.188889 0.045312 0.027778
0 0.066406 0.219444 0.048438 0.027778
0 0.064844 0.243056 0.039062 0.019444
0 0.064844 0.269444 0.039062 0.027778
0 0.064062 0.288889 0.040625 0.027778
0 0.061719 0.312500 0.039062 0.025000
0 0.063281 0.340278 0.035937 0.025000
0 0.060937 0.362500 0.031250 0.030556
0 0.115625 0.197222 0.037500 0.038889
0 0.110156 0.219444 0.032813 0.027778
0 0.116406 0.245833 0.032813 0.036111
0 0.114844 0.272222 0.032813 0.033333
0 0.114062 0.293056 0.031250 0.030556
0 0.114844 0.315278 0.029687 0.025000
0 0.116406 0.340278 0.029687 0.030556
0 0.117188 0.366667 0.031250 0.022222
0 0.157812 0.200000 0.021875 0.027778
0 0.158594 0.225000 0.023438 0.022222
0 0.154688 0.243056 0.031250 0.025000
0 0.159375 0.273611 0.021875 0.019444
0 0.157031 0.294444 0.026562 0.022222
0 0.159375 0.319444 0.025000 0.027778
0 0.148047 0.354167 0.014844 0.011111
