0 0.466406 0.509722 0.123438 0.091667
0 0.785937 0.170833 0.181250 0.236111
0 0.011719 0.152778 0.020313 0.027778
0 0.014844 0.183333 0.026562 0.027778
0 0.011719 0.204167 0.020313 0.025000
0 0.013281 0.230556 0.023438 0.022222
0 0.014063 0.255556 0.025000 0.022222
0 0.014063 0.277778 0.025000 0.022222
0 0.013281 0.301389 0.023438 0.025000
0 0.013281 0.329167 0.023438 0.025000
0 0.054688 0.154167 0.050000 0.036111
0 0.060156 0.184722 0.051562 0.030556
0 0.058594 0.206944 0.042188 0.019444
0 0.060937 0.231944 0.040625 0.025000
0 0.060937 0.255556 0.037500 0.022222
0 0.055469 0.277778 0.039062 0.022222
0 0.057813 0.305556 0.031250 0.022222
0 0.056250 0.327778 0.031250 0.027778
0 0.111719 0.163889 0.035937 0.033333
0 0.106250 0.183333 0.037500 0.027778
0 0.111719 0.211111 0.035937 0.033333
0 0.109375 0.237500 0.034375 0.030556
0 0.110156 0.259722 0.029687 0.025000
0 0.110937 0.283333 0.028125 0.016667
0 0.114062 0.308333 0.028125 0.022222
0 0.112109 0.332639 0.033594 0.026389
0 0.153906 0.165278 0.023438 0.019444
0 0.153906 0.190278 0.023438 0.019444
0 0.151562 0.213889 0.031250 0.027778
0 0.156250 0.238889 0.021875 0.016667
0 0.153125 0.261111 0.028125 0.022222
0 0.153906 0.284722 0.023438 0.019444
0 0.145703 0.320139 0.016406 0.012500
