0 0.445312 0.476389 0.109375 0.113889
0 0.800781 0.180556 0.176563 0.233333
0 0.016406 0.156944 0.029687 0.030556
0 0.019531 0.181944 0.035937 0.030556
0 0.017188 0.206944 0.031250 0.025000
0 0.017969 0.230556 0.032813 0.027778
0 0.017969 0.256944 0.032813 0.025000
0 0.017969 0.280556 0.032813 0.022222
0 0.017969 0.304167 0.032813 0.025000
0 0.017969 0.331944 0.032813 0.025000
0 0.064844 0.156944 0.048438 0.036111
0 0.071094 0.188889 0.048438 0.033333
0 0.071875 0.211111 0.037500 0.022222
0 0.071094 0.236111 0.039062 0.027778
0 0.071875 0.259722 0.037500 0.025000
0 0.066406 0.281944 0.039062 0.025000
0 0.067187 0.309722 0.034375 0.025000
0 0.066406 0.331944 0.029687 0.025000
0 0.122656 0.166667 0.035937 0.033333
0 0.116406 0.188889 0.035937 0.027778
0 0.121094 0.215278 0.035937 0.036111
0 0.119531 0.241667 0.035937 0.027778
0 0.119531 0.262500 0.029687 0.030556
0 0.121094 0.287500 0.029687 0.019444
0 0.122656 0.309722 0.026562 0.025000
0 0.122656 0.334722 0.032813 0.025000
0 0.164844 0.169444 0.023438 0.027778
0 0.165625 0.195833 0.018750 0.019444
0 0.161719 0.218056 0.029687 0.030556
0 0.166406 0.244444 0.020313 0.016667
0 0.162500 0.265278 0.028125 0.025000
0 0.163281 0.288889 0.023438 0.027778
0 0.153906 0.325000 0.015625 0.013889
