0 0.011719 0.176389 0.020313 0.025000
0 0.014063 0.205556 0.025000 0.027778
0 0.010937 0.227778 0.018750 0.027778
0 0.012500 0.255556 0.021875 0.022222
0 0.014063 0.279167 0.025000 0.019444
0 0.014844 0.300000 0.026562 0.022222
0 0.014063 0.325000 0.025000 0.022222
0 0.014063 0.351389 0.025000 0.019444
0 0.055469 0.177778 0.048438 0.033333
0 0.060156 0.206944 0.051562 0.030556
0 0.060156 0.227778 0.039062 0.022222
0 0.060937 0.254167 0.037500 0.025000
0 0.061719 0.279167 0.039062 0.025000
0 0.056250 0.298611 0.040625 0.025000
0 0.058594 0.326389 0.032813 0.025000
0 0.057031 0.350000 0.029687 0.027778
0 0.110937 0.184722 0.037500 0.036111
0 0.106250 0.205556 0.034375 0.027778
0 0.110937 0.234722 0.034375 0.030556
0 0.108594 0.258333 0.035937 0.027778
0 0.110156 0.280556 0.029687 0.027778
0 0.110937 0.302778 0.031250 0.022222
0 0.114062 0.326389 0.028125 0.030556
0 0.114062 0.352778 0.031250 0.022222
0 0.153125 0.186111 0.025000 0.022222
0 0.153125 0.209722 0.025000 0.019444
0 0.152344 0.233333 0.029687 0.027778
0 0.157031 0.258333 0.023438 0.016667
0 0.152344 0.281944 0.029687 0.025000
0 0.153906 0.305556 0.026562 0.027778
0 0.615625 0.337500 0.093750 0.075000
0 0.784766 0.179167 0.177344 0.236111
0 0.549219 0.872222 0.098437 0.044444
0 0.144922 0.343056 0.016406 0.011111
