0 0.012500 0.166667 0.021875 0.027778
0 0.014844 0.191667 0.026562 0.022222
0 0.011719 0.215278 0.020313 0.025000
0 0.014063 0.243056 0.025000 0.019444
0 0.014063 0.266667 0.025000 0.022222
0 0.014063 0.291667 0.025000 0.016667
0 0.014844 0.313889 0.026562 0.022222
0 0.012500 0.338889 0.021875 0.027778
0 0.056641 0.164583 0.047656 0.034722
0 0.061719 0.197222 0.048438 0.027778
0 0.062500 0.219444 0.037500 0.016667
0 0.061719 0.245833 0.039062 0.025000
0 0.061719 0.268056 0.039062 0.025000
0 0.056250 0.288889 0.037500 0.022222
0 0.059375 0.318056 0.031250 0.025000
0 0.057031 0.341667 0.029687 0.027778
0 0.113281 0.175000 0.032813 0.033333
0 0.107031 0.194444 0.032813 0.027778
0 0.112500 0.222222 0.034375 0.033333
0 0.110937 0.248611 0.034375 0.030556
0 0.110156 0.272222 0.029687 0.027778
0 0.111719 0.293056 0.029687 0.025000
0 0.114062 0.316667 0.028125 0.027778
0 0.114062 0.344444 0.031250 0.022222
0 0.156250 0.179167 0.021875 0.019444
0 0.155469 0.204167 0.023438 0.019444
0 0.152344 0.225000 0.029687 0.027778
0 0.157812 0.251389 0.015625 0.013889
0 0.153125 0.272222 0.025000 0.022222
0 0.153125 0.294444 0.025000 0.016667
0 0.792969 0.186111 0.179688 0.233333
0 0.623437 0.356944 0.109375 0.080556
0 0.145313 0.334722 0.014063 0.013889
