0 0.010547 0.157639 0.019531 0.029167
0 0.013281 0.186111 0.023438 0.022222
0 0.010937 0.209722 0.018750 0.019444
0 0.013281 0.238889 0.023438 0.022222
0 0.013281 0.261111 0.023438 0.016667
0 0.012500 0.281944 0.021875 0.019444
0 0.013281 0.306944 0.023438 0.025000
0 0.011719 0.334722 0.020313 0.025000
0 0.053125 0.157639 0.050000 0.037500
0 0.058594 0.187500 0.051562 0.030556
0 0.057031 0.211111 0.042188 0.022222
0 0.059375 0.236111 0.040625 0.027778
0 0.059375 0.261111 0.040625 0.022222
0 0.053906 0.280556 0.042188 0.022222
0 0.057031 0.308333 0.032813 0.027778
0 0.055469 0.333333 0.029687 0.027778
0 0.110937 0.168056 0.034375 0.030556
0 0.104688 0.190278 0.034375 0.025000
0 0.112500 0.218056 0.034375 0.030556
0 0.107813 0.241667 0.037500 0.033333
0 0.108594 0.263889 0.029687 0.027778
0 0.108594 0.288889 0.032813 0.022222
0 0.112500 0.311111 0.028125 0.027778
0 0.110937 0.335417 0.034375 0.026389
0 0.152344 0.168056 0.023438 0.025000
0 0.153906 0.195833 0.023438 0.019444
0 0.151562 0.216667 0.028125 0.027778
0 0.155469 0.241667 0.020313 0.016667
0 0.150000 0.262500 0.025000 0.019444
0 0.153125 0.288889 0.025000 0.022222
0 0.789844 0.172222 0.170313 0.233333
0 0.469922 0.502083 0.133594 0.095833
0 0.144141 0.324306 0.014844 0.012500
