0 0.009375 0.145833 0.015625 0.025000
0 0.012500 0.173611 0.021875 0.025000
0 0.009375 0.197222 0.015625 0.022222
0 0.010937 0.222222 0.018750 0.022222
0 0.011719 0.245833 0.020313 0.019444
0 0.011719 0.268056 0.020313 0.019444
0 0.011719 0.294444 0.020313 0.022222
0 0.010937 0.320833 0.018750 0.025000
0 0.051562 0.143056 0.050000 0.036111
0 0.056250 0.173611 0.053125 0.030556
0 0.055469 0.195833 0.039062 0.025000
0 0.056250 0.222222 0.040625 0.027778
0 0.057031 0.245833 0.039062 0.025000
0 0.051562 0.266667 0.040625 0.027778
0 0.052344 0.293056 0.035937 0.025000
0 0.052344 0.318056 0.029687 0.030556
0 0.107031 0.152778 0.039062 0.033333
0 0.103906 0.173611 0.032813 0.025000
0 0.107813 0.201389 0.037500 0.036111
0 0.106250 0.226389 0.037500 0.030556
0 0.104688 0.250000 0.034375 0.027778
0 0.106250 0.268056 0.031250 0.025000
0 0.108594 0.294444 0.032813 0.033333
0 0.108594 0.323611 0.032813 0.025000
0 0.150781 0.155556 0.023438 0.022222
0 0.151562 0.180556 0.021875 0.022222
0 0.148438 0.201389 0.028125 0.030556
0 0.152344 0.227778 0.020313 0.016667
0 0.148438 0.250000 0.028125 0.022222
0 0.150000 0.275000 0.028125 0.022222
0 0.463281 0.501389 0.139063 0.102778
0 0.789062 0.159722 0.190625 0.236111
0 0.141016 0.311111 0.016406 0.013889
