0 0.520312 0.484722 0.112500 0.108333
0 0.796484 0.184028 0.182031 0.234722
0 0.016406 0.175000 0.029687 0.027778
0 0.018750 0.202778 0.034375 0.027778
0 0.016406 0.226389 0.029687 0.025000
0 0.017188 0.254167 0.031250 0.025000
0 0.017969 0.276389 0.032813 0.025000
0 0.018750 0.298611 0.034375 0.019444
0 0.017969 0.323611 0.032813 0.019444
0 0.017969 0.348611 0.032813 0.025000
0 0.065625 0.176389 0.046875 0.036111
0 0.070312 0.206944 0.050000 0.030556
0 0.067969 0.230556 0.042188 0.022222
0 0.070312 0.252778 0.040625 0.027778
0 0.070312 0.277778 0.040625 0.022222
0 0.065625 0.297222 0.040625 0.022222
0 0.067187 0.325000 0.034375 0.027778
0 0.066406 0.350000 0.029687 0.027778
0 0.121094 0.184722 0.035937 0.036111
0 0.115625 0.205556 0.034375 0.027778
0 0.120313 0.233333 0.034375 0.033333
0 0.119531 0.258333 0.032813 0.033333
0 0.119531 0.281944 0.029687 0.030556
0 0.120313 0.305556 0.031250 0.022222
0 0.122656 0.326389 0.029687 0.030556
0 0.123438 0.354167 0.031250 0.025000
0 0.163281 0.186111 0.023438 0.022222
0 0.164844 0.212500 0.023438 0.019444
0 0.160938 0.233333 0.028125 0.027778
0 0.165625 0.259722 0.018750 0.013889
0 0.161719 0.281944 0.026562 0.025000
0 0.163281 0.305556 0.023438 0.027778
0 0.157812 0.344444 0.021875 0.016667
0 0.555469 0.875694 0.101562 0.054167
