0 0.791797 0.183333 0.175781 0.238889
0 0.457813 0.506944 0.109375 0.080556
0 0.553906 0.879167 0.101562 0.047222
0 0.014063 0.184722 0.025000 0.025000
0 0.015625 0.209722 0.028125 0.025000
0 0.014063 0.231944 0.025000 0.025000
0 0.016406 0.261111 0.029687 0.022222
0 0.015625 0.283333 0.028125 0.016667
0 0.016406 0.305556 0.029687 0.022222
0 0.015625 0.329167 0.028125 0.025000
0 0.015625 0.356944 0.028125 0.025000
0 0.060156 0.183333 0.051562 0.033333
0 0.063281 0.215278 0.054688 0.030556
0 0.063281 0.236111 0.039062 0.022222
0 0.064844 0.262500 0.039062 0.025000
0 0.066406 0.284722 0.039062 0.025000
0 0.060937 0.305556 0.040625 0.022222
0 0.064062 0.333333 0.031250 0.022222
0 0.061719 0.356944 0.029687 0.025000
0 0.116406 0.191667 0.032813 0.033333
0 0.111719 0.211111 0.032813 0.022222
0 0.116406 0.237500 0.035937 0.030556
0 0.115625 0.265278 0.034375 0.030556
0 0.114062 0.286111 0.031250 0.027778
0 0.115625 0.311111 0.031250 0.027778
0 0.118750 0.333333 0.028125 0.027778
0 0.118750 0.358333 0.034375 0.022222
0 0.158594 0.193056 0.023438 0.019444
0 0.160156 0.218056 0.020313 0.019444
0 0.156250 0.238889 0.031250 0.027778
0 0.162500 0.266667 0.018750 0.016667
0 0.157812 0.287500 0.028125 0.025000
0 0.159375 0.311111 0.021875 0.022222
0 0.149219 0.346528 0.015625 0.012500
