0 0.795312 0.181944 0.181250 0.236111
0 0.437500 0.472222 0.112500 0.116667
0 0.016406 0.159722 0.029687 0.030556
0 0.017969 0.183333 0.032813 0.027778
0 0.016406 0.208333 0.029687 0.027778
0 0.017969 0.234722 0.032813 0.025000
0 0.017188 0.258333 0.031250 0.022222
0 0.018750 0.281944 0.031250 0.019444
0 0.017188 0.306944 0.031250 0.025000
0 0.016406 0.333333 0.029687 0.027778
0 0.063281 0.159722 0.048438 0.036111
0 0.067969 0.190278 0.051562 0.030556
0 0.066406 0.213889 0.042188 0.022222
0 0.067969 0.237500 0.042188 0.030556
0 0.069531 0.259722 0.039062 0.025000
0 0.064062 0.281944 0.040625 0.025000
0 0.066406 0.308333 0.032813 0.022222
0 0.063281 0.333333 0.029687 0.027778
0 0.119531 0.169444 0.035937 0.038889
0 0.113281 0.188889 0.035937 0.027778
0 0.118750 0.218056 0.034375 0.030556
0 0.117969 0.244444 0.035937 0.033333
0 0.117188 0.265278 0.031250 0.030556
0 0.118750 0.288889 0.031250 0.016667
0 0.121094 0.313889 0.029687 0.027778
0 0.120313 0.336111 0.031250 0.022222
0 0.161719 0.173611 0.023438 0.025000
0 0.164062 0.198611 0.021875 0.019444
0 0.160156 0.216667 0.029687 0.027778
0 0.161719 0.244444 0.023438 0.016667
0 0.160156 0.268056 0.026562 0.025000
0 0.161719 0.290278 0.023438 0.025000
0 0.151953 0.327083 0.014844 0.012500
