0 0.011719 0.158333 0.020313 0.027778
0 0.014844 0.184722 0.026562 0.025000
0 0.012500 0.209722 0.021875 0.019444
0 0.014063 0.236111 0.025000 0.022222
0 0.014063 0.259722 0.025000 0.019444
0 0.014844 0.280556 0.026562 0.022222
0 0.014844 0.306944 0.026562 0.019444
0 0.013281 0.333333 0.023438 0.027778
0 0.056250 0.158333 0.050000 0.038889
0 0.059375 0.187500 0.056250 0.036111
0 0.060937 0.208333 0.040625 0.022222
0 0.060937 0.236111 0.040625 0.027778
0 0.061719 0.261111 0.039062 0.027778
0 0.058594 0.281944 0.042188 0.025000
0 0.059375 0.308333 0.034375 0.027778
0 0.057813 0.333333 0.031250 0.027778
0 0.113281 0.168056 0.035937 0.036111
0 0.107813 0.187500 0.037500 0.030556
0 0.111719 0.215278 0.039062 0.036111
0 0.111719 0.241667 0.032813 0.033333
0 0.110937 0.263889 0.031250 0.027778
0 0.111719 0.287500 0.029687 0.025000
0 0.114844 0.309722 0.029687 0.030556
0 0.113281 0.336111 0.032813 0.027778
0 0.155469 0.168056 0.023438 0.025000
0 0.156250 0.195833 0.025000 0.019444
0 0.153125 0.218056 0.031250 0.030556
0 0.157812 0.243056 0.025000 0.013889
0 0.153906 0.265278 0.029687 0.025000
0 0.153906 0.288889 0.029687 0.027778
0 0.462500 0.534722 0.143750 0.113889
0 0.795312 0.175000 0.187500 0.244444
0 0.146094 0.325694 0.018750 0.012500
