0 0.791406 0.179167 0.182812 0.236111
0 0.555469 0.875000 0.098437 0.050000
0 0.457813 0.495833 0.112500 0.086111
0 0.014063 0.179167 0.025000 0.025000
0 0.016406 0.205556 0.029687 0.027778
0 0.014063 0.230556 0.025000 0.022222
0 0.015625 0.256944 0.028125 0.025000
0 0.016406 0.279167 0.029687 0.025000
0 0.016406 0.301389 0.029687 0.025000
0 0.016406 0.326389 0.029687 0.025000
0 0.015625 0.354167 0.028125 0.025000
0 0.060156 0.179167 0.048438 0.036111
0 0.065625 0.208333 0.050000 0.027778
0 0.064844 0.230556 0.039062 0.022222
0 0.065625 0.256944 0.040625 0.025000
0 0.066406 0.280556 0.039062 0.022222
0 0.063281 0.301389 0.039062 0.025000
0 0.064844 0.330556 0.032813 0.022222
0 0.063281 0.354167 0.029687 0.025000
0 0.116406 0.186111 0.035937 0.033333
0 0.111719 0.209722 0.032813 0.025000
0 0.116406 0.234722 0.032813 0.030556
0 0.115625 0.261111 0.034375 0.027778
0 0.115625 0.281944 0.028125 0.025000
0 0.116406 0.305556 0.029687 0.022222
0 0.119531 0.329167 0.029687 0.025000
0 0.119531 0.355556 0.029687 0.022222
0 0.159375 0.190278 0.021875 0.019444
0 0.161719 0.215278 0.020313 0.019444
0 0.157812 0.236111 0.028125 0.027778
0 0.160938 0.261111 0.021875 0.016667
0 0.157812 0.283333 0.028125 0.022222
0 0.159375 0.306944 0.025000 0.025000
0 0.149219 0.342361 0.017188 0.012500
