0 0.807422 0.190972 0.188281 0.237500
0 0.485156 0.497222 0.114062 0.116667
0 0.563281 0.886111 0.098437 0.055556
0 0.021875 0.179167 0.040625 0.036111
0 0.024219 0.205556 0.042188 0.027778
0 0.021875 0.226389 0.040625 0.036111
0 0.024219 0.255556 0.042188 0.027778
0 0.024219 0.277778 0.042188 0.022222
0 0.025781 0.301389 0.039062 0.025000
0 0.025781 0.327778 0.042188 0.027778
0 0.026562 0.352778 0.037500 0.033333
0 0.075781 0.180556 0.048438 0.033333
0 0.079687 0.209722 0.046875 0.030556
0 0.079687 0.233333 0.040625 0.022222
0 0.080469 0.258333 0.039062 0.027778
0 0.081250 0.281944 0.040625 0.025000
0 0.077344 0.302778 0.039062 0.027778
0 0.078125 0.327778 0.034375 0.027778
0 0.076563 0.354167 0.031250 0.030556
0 0.130469 0.191667 0.035937 0.033333
0 0.128125 0.209722 0.034375 0.025000
0 0.130469 0.237500 0.035937 0.036111
0 0.128906 0.261111 0.032813 0.033333
0 0.128906 0.286111 0.029687 0.033333
0 0.129688 0.308333 0.028125 0.022222
0 0.132031 0.331944 0.029687 0.030556
0 0.133594 0.358333 0.029687 0.022222
0 0.174219 0.191667 0.023438 0.022222
0 0.174219 0.216667 0.023438 0.022222
0 0.172656 0.238889 0.029687 0.027778
0 0.175391 0.265278 0.021094 0.019444
0 0.173437 0.286111 0.025000 0.022222
0 0.173437 0.306944 0.025000 0.025000
0 0.165234 0.347222 0.016406 0.011111
