0 0.213281 0.849306 0.039062 0.301389
0 0.137500 0.456944 0.043750 0.175000
0 0.153906 0.447917 0.040625 0.120833
0 0.043359 0.137500 0.050781 0.097222
0 0.120313 0.126389 0.062500 0.091667
0 0.074219 0.903472 0.089063 0.193056
0 0.053125 0.288194 0.067187 0.095833
0 0.123047 0.293750 0.057031 0.084722
0 0.179688 0.300694 0.056250 0.087500
0 0.933203 0.830556 0.133594 0.177778
0 0.886328 0.581944 0.227344 0.169444
0 0.835938 0.404861 0.328125 0.162500
0 0.840625 0.266667 0.318750 0.138889
0 0.831250 0.114583 0.337500 0.145833
