0 0.012891 0.334028 0.024219 0.665278
0 0.034766 0.333333 0.030469 0.663889
0 0.061328 0.334028 0.025781 0.659722
0 0.092578 0.347222 0.032031 0.622222
0 0.124219 0.356250 0.026562 0.615278
0 0.155078 0.356250 0.022656 0.609722
0 0.185547 0.339583 0.030469 0.645833
0 0.218750 0.340278 0.023438 0.644444
0 0.249219 0.341667 0.028125 0.575000
0 0.277734 0.336111 0.028906 0.561111
0 0.312500 0.338889 0.021875 0.558333
0 0.342578 0.354861 0.024219 0.537500
0 0.376953 0.266667 0.027344 0.358333
0 0.402734 0.196528 0.019531 0.270833
0 0.033594 0.876389 0.032813 0.152778
0 0.068359 0.892361 0.017969 0.187500
0 0.098828 0.868750 0.016406 0.134722
0 0.125391 0.833333 0.016406 0.122222
0 0.159375 0.820833 0.021875 0.088889
0 0.187500 0.774306 0.015625 0.145833
0 0.219531 0.797222 0.025000 0.100000
0 0.253125 0.806250 0.014063 0.081944
0 0.282813 0.817361 0.007812 0.056944
0 0.310937 0.815972 0.012500 0.062500
0 0.342578 0.801389 0.010156 0.097222
0 0.433203 0.195833 0.019531 0.177778
0 0.461719 0.172222 0.017188 0.208333
0 0.556250 0.034722 0.007812 0.036111
0 0.583984 0.170139 0.024219 0.204167
0 0.613672 0.175000 0.022656 0.233333
0 0.640234 0.783333 0.016406 0.141667
0 0.642578 0.172917 0.021094 0.273611
0 0.672656 0.258333 0.020313 0.225000
0 0.732812 0.346528 0.018750 0.434722
0 0.764453 0.395139 0.028906 0.529167
0 0.799219 0.404167 0.031250 0.522222
0 0.831250 0.393056 0.032813 0.533333
0 0.860547 0.401389 0.033594 0.527778
0 0.891797 0.391667 0.028906 0.547222
0 0.917578 0.475000 0.021094 0.347222
0 0.952734 0.486806 0.024219 0.359722
0 0.984375 0.481944 0.025000 0.369444
0 0.671484 0.824306 0.019531 0.059722
0 0.701562 0.820833 0.018750 0.069444
0 0.731641 0.834028 0.017969 0.045833
0 0.761328 0.797222 0.016406 0.116667
0 0.788672 0.799306 0.016406 0.112500
0 0.806250 0.784722 0.014063 0.141667
0 0.821484 0.781944 0.014844 0.152778
0 0.851172 0.809722 0.014844 0.138889
0 0.881641 0.815278 0.019531 0.213889
0 0.924609 0.768750 0.011719 0.106944
0 0.942578 0.854167 0.019531 0.291667
0 0.973437 0.869444 0.017188 0.261111
0 0.946875 0.100694 0.053125 0.076389
0 0.487500 0.750694 0.539062 0.273611
