0 0.555859 0.617361 0.025781 0.256944
0 0.669141 0.501389 0.094531 0.044444
0 0.661328 0.482639 0.072656 0.034722
0 0.639062 0.475694 0.064062 0.034722
0 0.630078 0.468056 0.072656 0.027778
0 0.719531 0.718056 0.026562 0.563889
0 0.537500 0.602778 0.029687 0.266667
0 0.516406 0.582639 0.012500 0.279167
0 0.503906 0.602778 0.009375 0.247222
0 0.488672 0.604167 0.019531 0.238889
0 0.459375 0.436111 0.060937 0.027778
0 0.471875 0.579861 0.014063 0.301389
0 0.463281 0.638889 0.032813 0.244444
0 0.444141 0.637500 0.028906 0.258333
0 0.379688 0.555556 0.045312 0.152778
0 0.417187 0.611806 0.017188 0.218056
0 0.383203 0.411806 0.327344 0.170833
