0 0.416406 0.407639 0.335938 0.190278
0 0.712500 0.756944 0.028125 0.486111
0 0.660937 0.508333 0.092188 0.036111
0 0.653516 0.494444 0.071094 0.033333
0 0.633984 0.484028 0.058594 0.037500
0 0.622266 0.477778 0.071094 0.025000
0 0.550000 0.630556 0.025000 0.252778
0 0.529297 0.608333 0.027344 0.258333
0 0.508594 0.594444 0.010937 0.277778
0 0.496875 0.614583 0.010937 0.245833
0 0.482031 0.615972 0.020313 0.237500
0 0.465234 0.602778 0.013281 0.275000
0 0.456641 0.444444 0.052344 0.011111
0 0.455859 0.646528 0.032031 0.251389
0 0.425391 0.627083 0.021094 0.193056
0 0.407813 0.600000 0.010937 0.150000
