0 0.278516 0.552083 0.010156 0.034722
0 0.283203 0.529167 0.008594 0.041667
0 0.679297 0.675694 0.027344 0.556944
0 0.523438 0.594444 0.020313 0.216667
0 0.504297 0.586806 0.022656 0.195833
0 0.482422 0.577083 0.010156 0.204167
0 0.471094 0.575000 0.009375 0.219444
0 0.453125 0.582639 0.018750 0.198611
0 0.438672 0.599306 0.010156 0.173611
0 0.424609 0.624306 0.039844 0.187500
0 0.399219 0.613889 0.009375 0.133333
0 0.537891 0.407639 0.314844 0.190278
0 0.633984 0.463194 0.092969 0.040278
0 0.626172 0.443056 0.071094 0.033333
