0 0.414453 0.091667 0.077344 0.105556
0 0.354687 0.206944 0.175000 0.116667
0 0.365625 0.331944 0.146875 0.108333
0 0.356250 0.464583 0.164062 0.115278
0 0.299219 0.593056 0.035937 0.094444
0 0.574219 0.796528 0.212500 0.326389
0 0.665625 0.463194 0.026562 0.029167
0 0.618359 0.127778 0.027344 0.047222
0 0.645312 0.360417 0.089063 0.059722
0 0.644141 0.240972 0.057031 0.040278
0 0.833203 0.172917 0.333594 0.145833
0 0.825781 0.271528 0.301563 0.118056
0 0.830469 0.376389 0.282813 0.100000
0 0.841016 0.486111 0.288281 0.083333
0 0.822656 0.575694 0.240625 0.093056
0 0.872656 0.679861 0.128125 0.065278
